id_2	invicta_1985	invicta_1995	invicta_2005	invicta_2015	invicta_2023	nf_veg_1985	area_veg_1985	nf_veg_1995	area_veg_1995	nf_veg_2005	area_veg_2005	nf_veg_2015	area_veg_2015	nf_veg_2022	area_veg_2022	nf_urb_1985	area_urb_1985	nf_urb_1995	area_urb_1995	nf_urb_2005	area_urb_2005	nf_urb_2015	area_urb_2015	nf_urb_2022	area_urb_2022
241	0	4	4	4	4	33	6125955	27	7445822	22	8562008	27	8832983	26	9089915	22	317344	0	0	0	0	0	0	0	0
242	0	0	0	0	0	55	16823594	71	13401541	60	11121340	64	10894376	72	10471017	20	273080	3	62700	6	74253	8	114674	11	273933
291	0	0	0	0	0	34	1860253	37	1996993	34	1913616	38	1901098	45	1996159	4	27513	0	0	0	0	0	0	1	9172
292	0	0	0	1	1	81	9590033	97	6904629	88	6897092	82	7932574	77	8748015	0	0	0	0	2	9965	1	13287	2	18269
344	0	0	0	0	0	161	13504486	147	9861640	140	10751012	140	10913270	132	11489892	11	162279	1	9986	0	0	0	0	5	30789
345	0	0	0	0	0	171	6350121	125	5256218	181	5920777	168	6398888	185	6640057	1	10769	0	0	0	0	2	14916	3	34800
349	0	0	0	0	0	8	56439330	9	53790528	10	51465698	13	51311818	11	51568251	0	0	2	3257	7	9771	37	43143	82	122111
350	0	4	4	4	4	59	5582345	80	7946413	67	13516863	47	14477739	38	15021355	4	20253	0	0	3	11343	1	6483	1	6483
396	0	0	0	0	0	112	4942982	40	622794	29	616144	47	957406	43	1596778	1	13287	0	0	2	6642	3	5813	4	262421
400	0	0	0	2	2	127	3287359	138	3237562	144	3718961	148	3992268	119	4447516	13	55488	3	31824	14	201551	30	396569	63	675642
405	0	0	0	0	1	391	21937661	391	21063776	404	22627668	432	25328065	410	26472377	7	81950	10	369976	13	552969	19	852930	20	961938
406	0	0	0	0	0	74	15542221	88	15772660	79	15290386	74	15549962	102	14505683	4	37197	3	20580	7	98146	5	60949	13	110826
407	0	0	0	0	0	50	1867068	47	1833996	39	1760763	42	1721392	47	1522956	1	788	0	0	0	0	0	0	1	5513
409	0	0	0	0	0	47	7673937	37	7972058	43	7413175	38	7690278	40	7103381	0	0	0	0	0	0	1	20238	3	44369
449	0	1	1	1	1	29	2278392	46	2650385	53	2843442	44	2896463	55	2931297	82	316576	10	75415	15	234533	23	629063	18	872737
450	0	0	0	0	0	60	2527227	93	2883047	58	3534830	95	4641325	85	4862445	0	0	0	0	0	0	0	0	0	0
454	0	0	0	0	0	235	30220120	250	22534498	280	21007417	302	25456302	286	27693070	0	0	0	0	1	14582	6	81010	6	81011
455	0	0	0	0	0	370	8957347	364	7586950	410	8516418	489	11560584	490	12173300	11	29827	0	0	1	8870	5	41119	19	139472
456	0	0	0	2	2	153	47429955	342	26156445	351	19715029	416	21113988	434	20915099	2	8019	0	0	0	0	1	6415	1	8821
457	0	0	0	0	0	465	22488197	513	19167746	463	19127368	539	19309449	511	17898779	12	276914	8	534680	11	938491	20	1729371	14	2021472
459	0	0	0	0	0	194	6539762	202	6280839	180	6445833	161	7056024	140	7779980	6	90805	0	0	2	10265	1	5527	3	21320
502	0	0	0	0	0	77	4259768	63	2823033	56	2385858	96	1872157	102	3462696	17	155609	1	60112	1	60112	1	78228	9	174567
507	0	0	0	1	2	201	13079707	215	11162124	222	11798269	260	13512741	269	14010462	7	56290	2	13672	4	27344	8	80413	21	172091
508	0	0	0	1	1	420	20615895	455	17663724	526	18859079	593	17590175	605	16983819	0	0	0	0	5	13605	11	62410	28	164022
509	0	0	0	0	1	236	10612129	236	9264579	214	9096660	237	9087069	274	9564552	7	31832	1	796	7	51730	11	89133	24	152800
510	0	0	0	0	1	183	15778409	194	15086523	189	15494911	179	15267688	170	15262921	15	149641	2	100556	11	283443	17	345988	29	516992
553	0	0	0	0	0	58	22732029	28	19706769	25	19543560	16	19703470	21	19880783	0	0	0	0	0	0	0	0	2	10772
559	0	0	0	0	2	77	58699996	116	47600579	86	51819688	112	53264458	123	52698570	3	15323	0	0	3	33864	5	58050	9	67723
560	0	0	0	0	0	189	19369881	166	18331818	178	17985000	151	18031478	158	17784351	8	97053	4	20048	4	37690	4	49721	3	41703
561	0	0	0	10	10	296	27842753	320	26711918	325	29775304	410	29684915	427	29328166	16	177193	3	160445	14	292117	17	391078	54	559461
562	0	0	0	0	0	421	19004661	383	17928279	421	17871279	420	16588772	396	16510975	12	55563	0	0	8	53189	16	123044	31	207985
565	0	0	0	2	2	272	42766778	560	36373030	443	39918321	484	40478127	556	41067503	0	0	1	9368	1	15613	3	32006	3	28884
569	1	3	3	3	3	0	0	0	0	0	0	0	0	0	0	27	361813	10	95200	7	152321	25	521701	28	568177
604	0	0	0	0	0	39	1022144	42	1134246	52	1385026	69	2014440	78	2337456	26	110443	6	30723	12	48157	0	0	4	48998
606	0	14	15	15	15	71	2430399	59	2250923	66	2428801	137	3290894	152	3842595	16	476744	3	686726	9	1043252	20	1665722	54	2331766
608	0	0	0	0	0	307	9948048	305	9251399	356	9732101	378	9461224	396	9522506	8	66096	7	35087	7	89758	6	95473	19	149322
611	0	0	0	0	0	150	53476025	198	51497928	326	45392774	221	47351972	208	46371758	0	0	0	0	0	0	0	0	1	5631
612	0	0	0	0	0	222	41272121	210	40277568	220	39761598	186	40057713	145	40145656	7	72804	0	0	3	44801	4	32001	3	30401
616	0	0	0	0	2	290	40021560	449	33291342	390	36961961	391	40638816	435	38424750	10	425733	10	600255	9	856175	14	1085489	11	1261588
619	0	0	0	0	0	11	4134068	7	4459245	7	4383913	6	4506905	6	4344713	21	270669	7	43823	8	69196	9	98419	9	113801
654	0	0	0	0	0	47	4715886	38	4520458	33	4612720	58	4943200	92	5545340	0	0	0	0	0	0	0	0	1	4195
655	0	0	0	0	0	52	3263260	43	3298434	58	3805605	55	4192476	86	5547711	1	6683	0	0	0	0	0	0	0	0
659	0	0	0	0	0	227	19166998	182	16512025	203	16987028	227	18318748	192	19413009	5	46007	0	0	3	26290	3	23003	15	78867
661	0	0	0	0	0	243	38640021	332	20105648	328	20918941	370	20406208	408	21632057	0	0	0	0	0	0	0	0	1	5699
662	0	0	0	0	1	202	48398307	253	45359577	254	44901999	297	43079701	317	40409278	3	51832	1	17817	3	17007	2	13768	3	31588
664	0	0	0	0	2	158	59355751	209	55406572	221	53428978	183	53396423	170	55347443	0	0	2	9627	3	32892	1	8022	3	10431
665	0	0	0	0	0	446	25036320	419	25272609	387	28056769	463	29271523	474	27894206	8	18357	0	0	9	45490	7	64642	18	118899
668	0	1	1	1	1	256	44397784	226	46351774	220	47284395	255	47590864	259	46410860	7	47098	2	17276	4	33767	7	85589	16	172722
669	5	5	5	5	5	233	52188269	303	47138290	359	44290815	399	43661921	485	40615445	23	277132	22	386424	34	774387	44	1059291	81	1547163
670	0	0	0	2	2	7	143555	10	137350	9	124162	9	127266	6	142011	14	2709285	16	2488111	21	4072206	16	4954603	20	5015793
705	0	0	0	0	0	101	2423410	79	1679691	86	1641020	124	2193077	166	3029969	1	8401	2	43683	2	65526	4	124336	7	184837
709	0	0	0	0	0	90	2416764	82	2679712	88	3295677	83	3316339	87	3584228	1	10749	0	0	2	6615	1	10749	3	15709
713	0	0	0	0	0	218	38489369	288	32541427	298	21704060	336	20928420	340	19876702	2	74701	4	135594	2	296351	5	372674	13	453064
714	0	0	0	0	0	305	34172409	287	33976143	340	30105505	377	29270741	338	26767862	2	5658	1	8891	1	12933	0	0	2	8892
716	0	0	0	0	0	307	28716431	317	26016685	319	24217263	401	24456453	395	23755440	0	0	0	0	0	0	0	0	1	5601
718	0	0	0	2	3	232	53090103	466	37279300	434	36943301	445	36252344	422	35304773	6	19005	2	7919	1	7919	2	11876	3	20582
720	0	0	0	0	0	109	28796718	129	28330114	138	27855035	157	25655584	160	25275127	0	0	0	0	0	0	0	0	0	0
721	0	0	0	0	0	282	18267503	366	18401304	377	18411371	444	19398019	467	20500661	130	2015648	27	301184	19	167317	5	64593	13	109734
758	0	0	0	0	0	60	15522287	44	15785656	49	16448298	58	16870192	68	17110073	0	0	0	0	0	0	0	0	0	0
759	0	0	0	0	0	87	3975106	90	3048547	107	3937433	144	5151489	216	7415794	13	201330	3	208849	2	209685	14	291562	40	482042
762	0	0	0	0	0	89	2142925	72	1259918	81	1162594	168	1905157	205	2379537	8	81684	5	84980	21	224410	11	255767	15	320103
763	0	0	0	0	0	273	12245440	306	9667839	269	6773249	311	7290823	339	7722962	2	4107	0	0	0	0	0	0	0	0
764	0	0	0	0	1	298	33184272	295	28815490	299	28863867	288	29841984	315	29874734	0	0	1	5725	2	14721	4	22083	6	44164
765	0	0	0	0	3	124	10694192	123	10605483	122	10768269	138	10956299	154	11086560	8	54542	5	44774	2	13028	12	68376	11	83838
766	0	0	0	1	1	251	19215560	253	17227741	181	16340681	178	17139481	189	17342862	0	0	0	0	7	27552	8	80218	11	117487
770	0	0	0	1	1	258	22066898	269	21591439	269	20139524	277	18964724	322	18118647	26	376224	21	277007	14	195240	19	223807	27	257164
772	0	0	0	3	4	143	46160415	128	45645430	125	45498513	133	44511642	146	43939385	0	0	0	0	0	0	0	0	0	0
773	0	0	0	2	2	90	71083170	156	66776275	144	65905796	101	65732565	96	65535016	0	0	0	0	0	0	0	0	0	0
774	0	0	0	0	0	0	0	0	0	0	0	0	0	0	0	197	14121356	94	5168691	109	3505307	105	1773949	109	1647373
809	0	0	0	0	0	18	301691	24	337835	27	360526	26	396665	27	409269	0	0	0	0	0	0	0	0	0	0
810	0	0	0	0	0	140	3764360	171	3529932	176	3202660	221	4449860	235	4907712	16	46879	3	30141	14	269520	16	640381	22	724115
811	0	0	0	0	0	68	1776958	42	2015418	55	2366485	79	3163663	106	3203678	0	0	0	0	0	0	0	0	5	54195
812	0	0	0	0	0	269	9740408	139	8690811	92	8329674	127	9135887	356	12484514	11	118744	4	575455	6	741529	8	809620	18	996450
814	0	0	0	0	0	395	20663245	493	20517129	450	14773666	372	13526223	352	13935392	11	898341	5	1123138	8	1611414	12	2255320	12	2789730
817	0	0	0	0	0	245	45252050	133	56621229	154	55630213	167	52704988	156	51334141	3	40606	3	17869	5	40607	5	69849	12	169744
818	0	0	0	0	0	170	9601562	220	10210031	266	10860561	264	11214517	287	11364840	16	295811	6	124463	10	73553	4	13740	3	17781
819	0	0	0	0	0	185	41978894	188	39404575	294	30192661	299	29473677	306	28068746	1	5629	0	0	4	20908	7	89251	25	188957
821	0	0	0	1	1	314	18985738	300	21740639	344	21013965	476	21514515	489	19472941	15	276940	2	416198	5	529199	14	681994	16	693135
823	0	0	0	0	0	47	34869368	46	34835514	50	34804023	49	34742624	49	34717409	0	0	0	0	0	0	0	0	1	6299
824	0	0	0	1	1	5	190950	4	215205	4	227725	5	243375	3	237111	5	68114	17	184764	25	384410	28	980951	35	1261966
862	0	0	0	0	0	60	2048338	67	2260558	51	1956929	81	2102048	84	2570932	9	313726	0	0	0	0	0	0	1	10064
863	1	1	1	1	1	132	5884422	170	6540096	145	5750648	170	6943670	167	7060668	11	334234	7	1149761	14	1744671	13	2540952	14	3003841
865	0	0	0	0	0	13	1041554	17	851816	13	807069	14	924738	17	976942	0	0	0	0	1	1657	0	0	0	0
870	0	0	0	3	3	256	40248152	361	34621665	336	34538292	356	33310120	372	32998078	132	4584262	80	8173481	109	12329885	112	15186245	130	16864859
872	0	0	0	2	2	143	55231475	136	56923863	147	55396223	176	54868993	198	53040844	0	0	1	5614	8	60953	7	80211	7	79410
873	0	0	0	0	0	60	67704693	21	71531859	24	71761700	28	72291495	41	73177985	8	17557	0	0	0	0	0	0	0	0
874	0	0	0	0	0	189	44428402	206	46812199	217	45847206	227	43628802	272	43986774	55	349281	4	47623	12	100012	10	113509	13	98429
875	0	0	0	5	5	309	27734798	283	30693392	287	30782466	388	30524802	371	28913590	4	28413	8	85234	17	368573	26	677157	33	796331
916	0	0	0	0	2	3	9133	1	830	1	4152	1	10794	2	11624	1	830	0	0	0	0	0	0	0	0
918	0	0	0	0	0	14	346700	11	248704	9	263528	11	353289	15	495758	0	0	0	0	0	0	0	0	0	0
920	0	0	0	0	0	27	72959766	28	71440924	43	71165351	28	71199581	30	71648333	1	28549	2	26102	1	39152	1	23654	1	33443
921	0	0	0	0	1	96	68964645	41	71611456	19	73200104	9	75172947	20	74887155	2	8119	0	0	0	0	0	0	0	0
922	0	0	0	0	0	14	75165147	16	75409182	6	75726842	27	73663508	30	73757402	1	5659	0	0	0	0	1	16166	0	0
923	0	0	0	0	0	56	46703393	52	47604154	57	47269578	59	47132855	64	46737173	3	15275	1	19298	3	48241	17	328859	31	656930
924	1	1	1	1	1	156	17070033	131	17935110	172	18513629	191	17150911	172	15445932	85	942520	41	692076	69	2396206	86	4777773	90	5852957
925	2	3	3	3	4	183	45193581	143	45580162	189	43448854	247	41094652	235	39770977	8	300925	3	35030	4	51748	12	158426	40	359777
926	0	0	1	1	1	203	48298670	145	52434041	121	53011972	206	52294150	171	53742797	10	98948	7	112436	7	260485	17	832864	15	901737
963	0	0	0	0	0	110	5767784	137	6574853	127	6388309	111	6455348	110	6811477	35	678246	3	50869	4	39847	10	202628	10	276388
970	0	1	1	1	1	81	3904895	80	4691171	80	5130080	163	6484799	113	6502255	16	166667	4	122097	4	174895	6	254922	7	313500
971	0	0	0	0	0	86	1767360	96	1861852	129	1951406	171	2308790	202	2620185	1	8215	0	0	0	0	1	8217	6	37791
972	0	1	1	1	1	224	42253174	208	42477598	205	42902037	186	41133381	162	41184106	0	0	0	0	0	0	0	0	0	0
973	0	1	1	1	1	273	41285464	361	33532827	333	33301026	393	34230600	400	33865079	3	20351	4	43960	6	86292	14	163626	21	327257
974	0	0	0	0	0	48	21305341	45	21389588	45	21426849	45	21430089	47	21306949	0	0	0	0	0	0	0	0	0	0
1021	0	12	14	16	17	102	6849094	123	7562810	143	8278921	204	8803166	254	9735816	127	2869002	30	1174081	38	1569297	20	1634619	32	1719796
1023	0	0	0	0	0	356	8536071	373	7370776	362	7822445	445	9878276	408	10093855	113	1227834	28	1772067	16	2441686	22	2669547	26	3014630
1024	0	0	0	0	1	204	34457032	265	31820653	221	33225694	257	35721605	258	34619154	13	120758	3	126464	2	180313	6	289654	4	292911
1071	0	0	0	0	0	188	7802191	155	5863833	180	5985768	217	6065153	223	6700996	12	430261	9	598238	9	1004312	6	1221553	8	1416228
1072	0	0	0	0	0	22	247957	10	135626	13	128966	15	178884	18	170561	0	0	0	0	0	0	0	0	1	2496
1073	0	2	2	3	3	70	4191274	61	4462281	111	5287708	76	5627507	67	5692182	5	128459	5	425985	6	590080	5	784011	8	910812
1074	0	0	4	6	6	172	2387884	93	1429936	63	920854	163	2344985	169	2075192	156	15855678	90	29006610	65	38928793	78	41461036	77	42975902
1075	0	4	5	7	7	253	28874251	256	31108047	277	29921778	321	32031430	320	30512511	85	5088492	36	7581443	33	10210743	45	11305685	53	11741073
1124	0	1	1	1	1	218	27498041	205	25932107	215	25253659	264	26262570	269	26826566	7	43179	9	298977	13	259943	4	44011	8	61454
1125	0	0	0	0	0	297	13721562	330	15438963	271	13640505	372	14417170	376	14566902	10	78553	2	57885	6	85174	8	130662	10	146374
1126	0	0	0	1	5	276	31158527	295	31520760	273	28374280	344	29266911	348	28527780	29	498943	28	879340	57	2413279	83	3437509	77	3994049
1127	4	4	4	4	4	184	32377186	219	29814998	199	29762452	223	31973111	240	30971306	37	507440	29	759143	40	1078025	42	2157742	98	2240540
1176	0	0	0	1	8	525	13489807	436	13224362	450	12011148	544	12911371	572	13762595	1	5823	0	0	0	0	3	7489	2	19138
1177	0	0	0	1	1	309	8732412	275	7639527	282	6322186	263	6001593	328	6520329	1	13257	1	14085	2	14914	4	28178	2	17403
1178	0	0	0	0	0	220	45716863	290	44009413	315	42033847	389	39582833	382	38512452	0	0	0	0	7	28060	0	0	0	0
1179	0	0	0	1	171	279	34273719	343	32182569	298	29776240	346	30364751	350	29144802	89	4013242	76	6228137	45	9275439	50	10741076	56	11350671
1227	0	0	0	0	0	421	11255639	372	8807093	305	8420207	359	9170526	330	8884572	38	762210	2	35852	3	44191	5	34186	8	67538
1228	0	0	0	0	0	355	18306901	322	12649191	293	12523708	302	12815958	314	13231986	2	25744	8	171036	7	171890	5	151968	5	124575
1229	0	1	1	1	1	192	41081833	221	39833290	219	39045304	219	38437586	210	39324103	0	0	3	10752	4	21504	3	33910	2	40526
1230	0	0	0	0	2	229	35925029	291	33330463	348	26725907	427	26284626	490	26037830	0	0	0	0	0	0	0	0	1	6586
1231	0	0	0	0	0	23	16391367	16	16463511	19	16563524	19	16399546	23	16582363	40	658313	25	1165774	17	2532436	17	2960387	19	3044834
1277	0	0	0	0	0	6	213781	6	175905	9	171698	10	207048	6	164965	1	252489	3	318978	3	369476	5	607668	7	687626
1279	0	0	0	0	0	378	8116954	324	6405063	315	6490285	349	6299819	334	6358316	38	1110386	27	3223337	30	4101460	46	4672963	51	5307974
1280	0	0	0	0	0	309	8926689	318	8405001	397	9401742	455	10265434	427	10347786	6	67394	4	14980	0	0	2	9151	0	0
1281	0	0	0	0	0	301	13191455	284	10153608	280	8483932	314	7743129	378	8614027	7	168191	8	521144	7	739048	6	961924	5	1109403
1282	0	0	0	0	3	247	26030999	250	24873529	272	23845435	340	23457885	390	24841650	2	14852	2	59405	4	124584	3	210390	5	220291
1283	0	0	0	0	0	45	16618442	52	16960218	45	17573052	42	18193290	49	18444660	48	1252239	30	1767446	17	2472438	19	2626093	30	2746885
1330	0	0	0	0	0	244	4303585	252	4248286	294	4614921	414	6242930	409	6208574	88	623656	143	1076509	86	1008720	35	565115	29	565113
1333	0	0	2	2	2	347	14218381	215	8877572	358	11304662	354	11932320	389	13036983	4	132272	1	271984	2	373668	2	408389	2	447244
1334	0	0	0	0	0	23	3716877	19	3813202	9	4019008	9	4064287	8	4109561	2	4116	0	0	0	0	0	0	0	0
1372	0	0	0	0	0	10	91804	15	169749	20	335172	28	721445	25	626177	0	0	0	0	0	0	0	0	0	0
1373	0	0	0	0	0	167	5469866	309	10518407	264	18652378	272	8523493	292	8555291	37	896748	39	1051390	53	793066	3	541679	3	545998
1378	0	0	0	0	0	72	2759145	63	2246993	52	1901592	59	1903279	57	2032613	0	0	0	0	0	0	0	0	0	0
1381	0	0	0	1	1	53	2381547	27	1199619	16	978213	20	963897	19	882244	23	31848356	9	38176292	4	40358302	6	40759847	8	40864226
1383	0	0	0	0	0	374	11013646	359	9584153	398	9487214	535	11457178	547	12053653	7	438603	6	813710	7	1060162	11	1497926	13	1660831
1385	0	0	0	1	1	247	36549305	230	33923443	238	34442237	244	34637088	235	35810535	0	0	0	0	0	0	0	0	0	0
1386	0	0	0	1	1	68	55693222	79	56163596	60	55554598	65	55090803	58	55183214	41	882692	19	1328154	19	1670515	21	2163858	33	2307412
1426	0	0	0	0	0	1	2581	0	0	2	96351	15	735571	46	854209	4	53333	2	242579	1	309675	1	375912	1	443008
1431	0	0	0	0	0	112	17596371	123	16572203	123	17280662	125	19219740	106	18331020	0	0	0	0	0	0	0	0	0	0
1433	0	0	0	21	21	184	27496132	184	26464258	174	24440020	166	21407291	175	20321506	48	7582201	78	10031826	85	15429008	87	19876944	106	20600499
1435	0	0	0	0	0	213	7944380	228	8463006	198	7791864	340	10703399	308	10956852	13	91705	9	177558	11	302595	17	367617	22	442644
1436	0	0	0	0	1	191	21971943	247	24481294	234	27164100	241	31520216	237	33512984	1	8304	0	0	0	0	1	13284	3	43176
1437	0	0	0	2	3	45	72014456	27	72374020	25	72893965	23	73189109	19	73455315	1	5787	2	2481	2	2481	2	2481	2	2481
1485	0	0	0	0	0	188	23270750	214	18256683	197	20348459	245	21958149	222	22384045	15	128814	22	227319	14	238272	6	301439	14	326696
1486	0	0	0	0	0	275	17608229	301	16215268	269	16039228	355	20901080	377	22084428	5	20970	4	18455	6	16776	17	60386	5	20969
1488	0	0	0	0	0	161	13216312	183	13862902	144	13854583	195	14902252	173	14470409	7	203865	7	327021	8	615765	8	764714	34	1212429
1489	0	0	0	1	1	245	31316525	222	35299043	205	38485318	222	40269431	213	40751490	1	14086	0	0	0	0	2	9114	3	16570
1490	1	1	1	1	1	242	38241244	277	35533111	248	38258651	217	37468085	234	38059709	134	1939354	104	5708669	93	11862821	89	15095063	102	15605764
1535	0	0	0	0	1	240	35913560	263	37260626	322	28656123	331	28109254	377	25373778	14	113421	0	0	2	10158	4	12697	10	38936
1536	0	0	0	10	28	201	53345757	268	44470925	318	37845643	241	37563067	259	37731659	21	830780	15	740622	17	675669	15	900886	32	965820
1538	0	0	0	0	0	234	33410849	298	31625483	277	29500216	314	31186918	303	31230461	0	0	1	49397	1	72839	3	84560	7	130603
1541	0	0	0	0	0	133	37789201	153	34175459	140	35573057	146	37387464	140	37902645	6	47949	24	244705	16	578711	30	936688	41	1062350
1578	0	0	0	0	0	0	0	0	0	0	0	0	0	0	0	123	1817712	77	759137	68	1233561	47	665112	50	470094
1584	0	0	0	0	0	467	20770590	488	19187226	448	19944260	461	19527268	424	18528961	0	0	3	13703	4	37680	6	37681	21	288591
1587	0	0	0	0	0	124	2714131	116	2407222	94	2197784	118	2610717	178	3510362	49	525697	8	236569	20	325603	15	348485	22	490091
1592	0	0	0	0	0	169	6956511	175	4460229	186	5473758	247	7110470	273	7499889	3	44929	5	75714	4	119810	6	158082	4	213827
1594	0	0	0	0	0	2	297113	2	285558	6	330951	8	321047	9	315270	8	36314	10	38790	7	26410	8	31362	5	25586
1628	0	0	0	0	0	15	1913056	22	1913055	14	1855405	43	2317535	44	2312293	10	141523	11	42808	6	24462	5	53290	6	95224
1629	0	0	0	0	0	0	0	0	0	0	0	0	0	0	0	1	6973	0	0	0	0	0	0	0	0
1634	0	0	0	0	0	303	20243204	307	23770041	288	25927370	337	25123918	354	25176335	14	95479	28	270940	36	413716	34	433498	50	601222
1635	0	0	0	0	0	156	12837438	143	12525265	147	12998622	142	12637633	146	12623054	9	62618	15	107222	7	78912	8	95213	13	52324
1637	0	0	0	0	0	202	39721235	195	38753130	178	37047966	229	38918682	238	41790676	3	16192	0	0	2	18749	1	1704	1	34934
1644	0	0	0	0	0	0	0	0	0	0	0	0	0	0	0	73	1339177	66	1434668	88	875915	68	1276922	52	1215486
1685	0	0	0	0	0	268	22232775	211	23619321	153	20238459	162	19034309	135	18027934	10	51837	0	0	0	0	0	0	0	0
1686	0	0	0	0	0	286	43611791	319	39346642	252	42663880	290	42341657	271	42579366	0	0	0	0	0	0	0	0	2	7752
1691	0	0	0	0	0	168	10313136	200	7595861	170	7602532	219	8470668	283	10342019	27	168745	7	108522	13	344234	14	456991	29	586714
1692	0	0	0	0	0	362	16794760	382	13219785	356	11718966	495	18177534	513	17569995	25	310968	8	141121	33	605020	24	829789	45	1198197
1693	0	0	0	0	0	184	15015184	203	15373738	194	14732287	299	15973923	335	17281340	9	82507	8	84195	8	109452	4	175114	7	243300
1694	0	0	0	0	0	213	46027900	175	47285941	179	46325562	205	48557260	230	47492122	1	5871	0	0	2	36066	5	31036	9	54524
1730	0	0	0	0	0	435	13848457	253	9710694	240	8067417	119	5542311	121	6150353	0	0	1	5264	0	0	0	0	1	6141
1736	0	0	0	0	0	484	32171256	372	40647116	339	36476651	337	38965273	327	34432855	0	0	0	0	0	0	2	7786	3	33739
1737	0	0	0	0	0	170	5893108	145	6015581	175	7265585	193	7677920	188	7632184	0	0	0	0	0	0	0	0	1	9488
1738	0	0	0	0	0	305	26648704	269	18252387	287	19200448	305	23027508	365	20683478	5	21502	6	44725	1	67088	5	86011	2	71389
1742	0	0	0	0	0	85	9371386	94	8371644	97	9296508	144	9457909	159	9416210	12	146938	3	104457	6	135880	3	157961	13	275157
1743	0	0	0	0	0	199	9481056	227	8311251	377	10870058	412	10235183	417	10543370	11	358041	2	264101	4	506193	7	1075875	26	1322194
1744	0	0	0	0	0	65	3582862	88	3393878	140	3705996	150	3476567	98	3235385	22	601361	6	69995	4	64936	12	64953	27	547472
1745	0	0	0	0	1	191	21763386	178	17762069	155	16231914	223	16348453	178	15808168	72	1340202	27	1983623	21	3098514	56	3797533	60	4453704
1786	0	0	0	0	0	196	24244520	201	21478582	155	22236901	166	21782539	237	24862710	0	0	0	0	0	0	1	11316	3	24372
1787	0	0	0	0	0	293	44966560	196	51717417	221	46911294	157	52991142	175	51398333	0	0	0	0	0	0	0	0	0	0
1788	0	0	0	0	0	201	10564676	157	7116948	159	7883563	150	9007043	165	8937714	1	67560	1	89214	1	91812	1	109135	1	129057
1789	0	0	0	0	0	217	9197303	136	11367988	137	10053314	128	9396893	159	9706140	0	0	0	0	0	0	0	0	0	0
1791	0	0	0	0	0	277	25829524	232	16665761	232	16056893	263	17854530	266	18819058	0	0	0	0	0	0	0	0	0	0
1792	0	0	0	0	0	179	28547530	292	26751572	212	22050528	215	20897123	213	20816629	0	0	0	0	0	0	0	0	0	0
1794	0	0	0	0	0	200	19460621	95	19280277	96	20060521	105	21395453	168	22402799	6	161668	7	44243	4	62117	3	34887	4	87648
1795	0	0	0	0	0	356	16727902	298	10390457	235	10081767	236	9864777	247	10320196	32	3677182	21	6214795	26	8166559	21	11191730	34	12279509
1796	0	0	0	0	0	63	1256199	37	967253	30	593017	33	522904	29	489107	0	0	0	0	0	0	0	0	14	214623
1837	0	0	0	0	0	216	5820927	188	4442040	85	2755496	174	4278337	224	4982536	1	6102	1	6974	1	7846	2	55790	3	102861
1838	0	0	0	0	0	140	60908943	325	49548919	416	41351912	409	44640589	390	43711156	0	0	0	0	0	0	0	0	0	0
1839	0	0	0	0	0	56	67637691	116	64293457	74	64930020	92	64063734	136	61130481	2	17350	2	17350	1	29494	1	31229	1	31229
1840	0	0	0	0	0	74	62258487	160	56595566	140	51057864	171	47845966	235	45320858	10	125415	11	243045	16	357211	20	1013682	29	1460872
1841	0	0	0	0	0	130	60340825	99	57922106	146	52747699	102	50240751	150	49390073	2	37953	2	327774	2	495110	1	603794	2	709890
1842	0	0	0	0	0	109	66156385	379	34558764	184	26295248	271	29247720	175	29907523	0	0	0	0	0	0	0	0	0	0
1844	0	0	0	0	0	236	32000656	238	19846979	138	10273882	128	14386605	148	15688803	3	11968	0	0	1	9404	1	8549	3	69251
1845	0	0	0	0	0	440	21504872	325	23590292	287	23439329	303	24094680	293	24454372	123	409886	107	535144	91	195137	74	371527	73	457592
1875	0	0	0	0	0	3	9261209	13	8661204	22	8644275	11	8798510	7	8583653	0	0	1	32094	1	41009	3	40118	3	45467
1888	0	0	0	0	0	4	14868	0	0	1	6122	2	12244	3	15743	0	0	0	0	0	0	0	0	0	0
1889	0	0	0	0	0	168	51545116	114	53759842	174	48772668	178	51029355	195	52351420	0	0	2	27927	4	110834	3	195484	2	243482
1939	0	0	0	0	0	49	1101463	33	161968	38	617219	36	386963	53	447366	0	0	0	0	0	0	0	0	0	0
2032	0	0	0	0	0	0	0	0	0	0	0	1	890	1	890	12	76576	0	0	1	4452	2	12466	3	10685
2041	0	0	0	0	0	155	3427513	87	888739	58	852693	133	2221386	113	3307840	0	0	0	0	0	0	0	0	0	0
2042	0	0	0	0	1	154	4620495	140	4380958	116	4330053	141	3501740	140	3449960	171	1344897	191	2259110	207	3061016	328	4773656	391	6929316
2093	0	0	0	0	0	94	1582958	78	2117085	69	1914679	80	1774783	163	3479904	3	20240	3	24638	1	16721	2	26401	7	67759
2142	1	1	1	1	1	44	710466	2	37114	4	15905	9	35347	11	91900	1	16790	1	7069	9	144050	3	29162	11	91024
2196	0	0	0	0	0	0	0	0	0	0	0	0	0	0	0	10	2533742	4	2928703	4	2938400	4	2933992	4	2941045
2241	0	0	0	0	0	82	6500357	80	7376492	53	7380052	52	7508135	70	7662018	151	27700882	42	33809893	46	35165480	39	36240874	35	36437451
2243	0	0	0	0	0	266	4445295	116	2038480	113	2107711	131	2571848	127	2214222	7	100288	5	23076	4	55025	2	15088	101	938036
2244	0	0	0	0	0	801	19741771	134	3445922	41	2659700	58	2622492	114	3514117	9	185241	7	561043	6	1181472	11	1528912	14	2060713
2245	1	1	1	1	1	460	17401125	191	8641616	160	9724953	180	10842849	211	12363410	0	0	0	0	5	92932	5	157543	3	318621
